image: map1024.pgm
resolution: 0.050000
origin: [-51.9651, -47.6463, 0.000000]
negate: 0
occupied_thresh: 0.65
free_thresh: 0.196

